<?xml version="1.0"?>
<opencv_storage>
<CM1 type_id="opencv-matrix">
  <rows>3</rows>
  <cols>3</cols>
  <dt>d</dt>
  <data>
    5.5989628162158579e+02 0. 2.5643015608353750e+02 0.
    5.4914832636351105e+02 4.9580916538596756e+02 0. 0. 1.</data></CM1>
<CM2 type_id="opencv-matrix">
  <rows>3</rows>
  <cols>3</cols>
  <dt>d</dt>
  <data>
    5.5989628162158579e+02 0. 3.1623274590359847e+02 0.
    5.4914832636351105e+02 5.4749916272502844e+02 0. 0. 1.</data></CM2>
<D1 type_id="opencv-matrix">
  <rows>1</rows>
  <cols>5</cols>
  <dt>d</dt>
  <data>
    -2.6380458532100498e-01 1.1499929602017854e-01 0. 0.
    -1.8546150517555843e-02</data></D1>
<D2 type_id="opencv-matrix">
  <rows>1</rows>
  <cols>5</cols>
  <dt>d</dt>
  <data>
    7.1902259132604063e-02 -2.9241097491147128e-01 0. 0.
    1.3951051857253549e-01</data></D2>
<R type_id="opencv-matrix">
  <rows>3</rows>
  <cols>3</cols>
  <dt>d</dt>
  <data>
    9.9723811824535746e-01 -5.2013097583575855e-02
    -5.3016725645967995e-02 5.0163765105115908e-02
    9.9810503276233109e-01 -3.5636220969468342e-02
    5.4769810926615238e-02 3.2878279369021650e-02 9.9795755749269988e-01</data></R>
<T type_id="opencv-matrix">
  <rows>3</rows>
  <cols>1</cols>
  <dt>d</dt>
  <data>
    -7.0931539018845111e+00 -1.8602541680743536e+00
    2.3223692827947358e+00</data></T>
<E type_id="opencv-matrix">
  <rows>3</rows>
  <cols>3</cols>
  <dt>d</dt>
  <data>
    -2.1838455625033190e-01 -2.3791304253254069e+00
    -1.7736942409527174e+00 2.7044458715246402e+00
    1.1241707546252329e-01 6.9555421277299283e+00 1.4992970598399802e+00
    -7.1764701892030018e+00 1.5414861495743656e-01</data></E>
<F type_id="opencv-matrix">
  <rows>3</rows>
  <cols>3</cols>
  <dt>d</dt>
  <data>
    -8.6636016711485435e-06 -9.6230495865655887e-05
    1.0536594109559197e-02 1.0938877687760483e-04 4.6360133141288413e-06
    1.2716987554063561e-01 -2.3848433425496328e-02
    -1.3462927247546030e-01 9.9999999999999989e-01</data></F>
<R1 type_id="opencv-matrix">
  <rows>3</rows>
  <cols>3</cols>
  <dt>d</dt>
  <data>
    9.1519634111704906e-01 1.8349423735585565e-01
    -3.5881126245306078e-01 -1.8698767949677267e-01
    9.8203714615686388e-01 2.5271550892154940e-02 3.5700317214610089e-01
    4.3964854432551784e-02 9.3306796464799180e-01</data></R1>
<R2 type_id="opencv-matrix">
  <rows>3</rows>
  <cols>3</cols>
  <dt>d</dt>
  <data>
    9.2214757162714545e-01 2.4184289350373261e-01
    -3.0192030571642736e-01 -2.3888985043047750e-01
    9.6989562933506202e-01 4.7266346992844398e-02 3.0426221504396955e-01
    2.8539149575383851e-02 9.5216071197989005e-01</data></R2>
<P1 type_id="opencv-matrix">
  <rows>3</rows>
  <cols>4</cols>
  <dt>d</dt>
  <data>
    4.7228615338582171e+02 0. 5.9371618360280991e+02 0. 0.
    4.7228615338582171e+02 5.2484448051452637e+02 0. 0. 0. 1. 0.</data></P1>
<P2 type_id="opencv-matrix">
  <rows>3</rows>
  <cols>4</cols>
  <dt>d</dt>
  <data>
    4.7228615338582171e+02 0. 5.9371618360280991e+02
    -3.6328224188494446e+03 0. 4.7228615338582171e+02
    5.2484448051452637e+02 0. 0. 0. 1. 0.</data></P2>
<Q type_id="opencv-matrix">
  <rows>4</rows>
  <cols>4</cols>
  <dt>d</dt>
  <data>
    1. 0. 0. -5.9371618360280991e+02 0. 1. 0. -5.2484448051452637e+02 0.
    0. 0. 4.7228615338582171e+02 0. 0. 1.3000529586453058e-01 0.</data></Q>
</opencv_storage>
